9647777506816
9647878977878
9647738237327
9647858764747
9647756719505
9647831001786
9647774863331
9647726205542
9647831464627
9647762442244
9647864512451
9647732600700
9647800515095
9647814160115
9647721669968
9647811758351
9647729239739
9647833312003
9647802206501
9647719036382
9647734652441
9647832054825
9647821233330
9647727362399
9647725035610
9647711149197
9647722211111
9647817035266
9647713316107
9647710349949
9647838484820
9647719999045
9647830505721
9647710793615
9647838794689
9647802021992
9647707795615
9647719798636
9647732349375
9647801694202
9647724930689
9647836878485
9647717729304
9647818050093
9647834122470
9647747430003
9647767304996
9647700956343
9647843731567
9647779620946
9647752110175
9647732546768
9647811754485
9647810072100
9647815000258
9647809463665
9647803822888
9647862020300
9647716231178
9647700217732
9647831215583
9647814791179
9647831086217
9647734011384
9747775006492
9647709713116
9647706203217
9647760297295
9647838839641
9647753914218
9647716231629
9647719136757
9647850098080
9647723628008
9647712850194
9647835000026
9647739166599
9647772751496
9647755540004
9647747732016
9647801414710
9647725252550
9647754030108
